{
  "w": 2016.0,
  "h": 4480.0,
  "fl_x": 3359.6697208514947,
  "fl_y": 3359.6697208514947,
  "k1": 0.012710451415963737,
  "k2": 0,
  "k3": 0,
  "k4": 0,
  "p1": 0,
  "p2": 0,
  "cx": 1008.0,
  "cy": 2240.0,
  "is_fisheye": false,
  "camera_angle_x": 0.5829677024773655,
  "camera_angle_y": 1.1760959493000727,
  "fovx": 33.40158894439131,
  "fovy": 67.3853341973262,
  "frames": [
    {
      "file_path": "./images/kangaroo/20231129194335.jpg",
      "sharpness": 13.488576211337499,
      "transform_matrix": [
        [
          -0.9522807347739045,
          0.3007097045620534,
          -0.05229795245556087,
          -0.26556606718063014
        ],
        [
          -0.2586469530049122,
          -0.7040554910537488,
          0.6613679907730029,
          2.533870375461383
        ],
        [
          0.16205911251494315,
          0.643334702260283,
          0.748236129166249,
          3.223528341093441
        ],
        [
          0.0,
          0.0,
          0.0,
          1.0
        ]
      ],
      "w": 2016.0,
      "h": 4480.0,
      "fl_x": 3359.6697208514947,
      "fl_y": 3359.6697208514947,
      "k1": 0.012710451415963737,
      "k2": 0,
      "k3": 0,
      "k4": 0,
      "p1": 0,
      "p2": 0,
      "cx": 1008.0,
      "cy": 2240.0,
      "is_fisheye": false,
      "camera_angle_x": 0.5829677024773655,
      "camera_angle_y": 1.1760959493000727,
      "fovx": 33.40158894439131,
      "fovy": 67.3853341973262
    },
    {
      "file_path": "./images/kangaroo/20231129153056.jpg",
      "sharpness": 16.767966744509664,
      "transform_matrix": [
        [
          -0.7816707371577813,
          0.5662511421348594,
          -0.2614392907972086,
          -1.0657041482521155
        ],
        [
          -0.598878771879772,
          -0.5643888216693902,
          0.5681632464065177,
          2.2267697728239826
        ],
        [
          0.17416967392562274,
          0.6006870250382916,
          0.7802820148551668,
          3.028598836912788
        ],
        [
          0.0,
          0.0,
          0.0,
          1.0
        ]
      ],
      "w": 2016.0,
      "h": 4480.0,
      "fl_x": 3353.9805931434325,
      "fl_y": 3353.9805931434325,
      "k1": 0.01863756940593584,
      "k2": 0,
      "k3": 0,
      "k4": 0,
      "p1": 0,
      "p2": 0,
      "cx": 1008.0,
      "cy": 2240.0,
      "is_fisheye": false,
      "camera_angle_x": 0.5839013536941924,
      "camera_angle_y": 1.1776609434672658,
      "fovx": 33.455083218652746,
      "fovy": 67.47500175806897
    },
    {
      "file_path": "./images/kangaroo/20231129153055.jpg",
      "sharpness": 52.87317287592118,
      "transform_matrix": [
        [
          -0.9277854111512605,
          0.27262281604274496,
          0.25473718043932986,
          0.7468598333299448
        ],
        [
          0.17533345046987658,
          -0.28409469236809054,
          0.9426284458445902,
          3.8342807130433028
        ],
        [
          0.32935150229977445,
          0.9192208690001918,
          0.21577901195103077,
          0.7531692013500446
        ],
        [
          0.0,
          0.0,
          0.0,
          1.0
        ]
      ],
      "w": 2016.0,
      "h": 4480.0,
      "fl_x": 3368.854523948661,
      "fl_y": 3368.854523948661,
      "k1": 0.03147401215046178,
      "k2": 0,
      "k3": 0,
      "k4": 0,
      "p1": 0,
      "p2": 0,
      "cx": 1008.0,
      "cy": 2240.0,
      "is_fisheye": false,
      "camera_angle_x": 0.5814664777823155,
      "camera_angle_y": 1.1735770766983737,
      "fovx": 33.31557510526413,
      "fovy": 67.24101342811772
    },
    {
      "file_path": "./images/kangaroo/202311291530551.jpg",
      "sharpness": 18.455250295709334,
      "transform_matrix": [
        [
          -0.9684353590182531,
          0.24034462206471205,
          0.06608644428418874,
          0.2219028045688322
        ],
        [
          -0.08051390512608521,
          -0.5525296206580783,
          0.8295954010103765,
          3.416271868398275
        ],
        [
          0.2359035111134462,
          0.7980886423121584,
          0.5544403056487085,
          2.182443719911486
        ],
        [
          0.0,
          0.0,
          0.0,
          1.0
        ]
      ],
      "w": 2016.0,
      "h": 4480.0,
      "fl_x": 3371.338716816348,
      "fl_y": 3371.338716816348,
      "k1": 0.01975575081136234,
      "k2": 0,
      "k3": 0,
      "k4": 0,
      "p1": 0,
      "p2": 0,
      "cx": 1008.0,
      "cy": 2240.0,
      "is_fisheye": false,
      "camera_angle_x": 0.5810617348447061,
      "camera_angle_y": 1.1728974381099666,
      "fovx": 33.292385043151384,
      "fovy": 67.20207300540777
    },
    {
      "file_path": "./images/kangaroo/202311291530541.jpg",
      "sharpness": 47.81422681032735,
      "transform_matrix": [
        [
          -0.061180452303141224,
          0.6521298716140005,
          -0.7556345564325782,
          -2.815001063127495
        ],
        [
          -0.985822473450765,
          0.07902434215534739,
          0.1480175806690196,
          0.45646745724206145
        ],
        [
          0.15624020961023494,
          0.7539773099813836,
          0.6380495380496217,
          2.1850297584806713
        ],
        [
          0.0,
          0.0,
          0.0,
          1.0
        ]
      ],
      "w": 2016.0,
      "h": 4480.0,
      "fl_x": 3342.3151406868546,
      "fl_y": 3342.3151406868546,
      "k1": -0.004964774033129566,
      "k2": 0,
      "k3": 0,
      "k4": 0,
      "p1": 0,
      "p2": 0,
      "cx": 1008.0,
      "cy": 2240.0,
      "is_fisheye": false,
      "camera_angle_x": 0.585824902373569,
      "camera_angle_y": 1.1808814436167552,
      "fovx": 33.56529443966899,
      "fovy": 67.65952282455596
    },
    {
      "file_path": "./images/kangaroo/20231129153054.jpg",
      "sharpness": 44.77615426873952,
      "transform_matrix": [
        [
          -0.26818069763637675,
          0.675953837213202,
          -0.6864149790340991,
          -2.6117252253341556
        ],
        [
          -0.9315637609484295,
          -0.0003878647980728367,
          0.3635777892683968,
          1.3982329756333172
        ],
        [
          0.2454955655742286,
          0.7369438646114336,
          0.6297981166739893,
          2.286878376494609
        ],
        [
          0.0,
          0.0,
          0.0,
          1.0
        ]
      ],
      "w": 2016.0,
      "h": 4480.0,
      "fl_x": 3365.5175977918993,
      "fl_y": 3365.5175977918993,
      "k1": 0.0005535808626030397,
      "k2": 0,
      "k3": 0,
      "k4": 0,
      "p1": 0,
      "p2": 0,
      "cx": 1008.0,
      "cy": 2240.0,
      "is_fisheye": false,
      "camera_angle_x": 0.5820110173024367,
      "camera_angle_y": 1.17449110514908,
      "fovx": 33.34677492154515,
      "fovy": 67.29338340069808
    },
    {
      "file_path": "./images/kangaroo/20231129153053.jpg",
      "sharpness": 15.697049162919685,
      "transform_matrix": [
        [
          -0.08864566280225286,
          0.8599854932903548,
          -0.5025603425130799,
          -2.228216772769709
        ],
        [
          -0.9857602349166202,
          -0.003361972549919081,
          0.16812333686458686,
          0.8382038281454647
        ],
        [
          0.1428940367109053,
          0.5103074059243584,
          0.8480375261757961,
          3.406835890818076
        ],
        [
          0.0,
          0.0,
          0.0,
          1.0
        ]
      ],
      "w": 2016.0,
      "h": 4480.0,
      "fl_x": 3344.1925344224287,
      "fl_y": 3344.1925344224287,
      "k1": 0.021195809293317634,
      "k2": 0,
      "k3": 0,
      "k4": 0,
      "p1": 0,
      "p2": 0,
      "cx": 1008.0,
      "cy": 2240.0,
      "is_fisheye": false,
      "camera_angle_x": 0.5855145030722227,
      "camera_angle_y": 1.1803621010954226,
      "fovx": 33.547509869738036,
      "fovy": 67.62976668996193
    },
    {
      "file_path": "./images/kangaroo/202311291530521.jpg",
      "sharpness": 26.131893291129384,
      "transform_matrix": [
        [
          0.33310374506369383,
          0.6529835277914973,
          -0.6801870386356104,
          -2.808581052350776
        ],
        [
          -0.9383758706263015,
          0.30008736001960046,
          -0.17145932982365486,
          -0.7262381045553621
        ],
        [
          0.0921554146826943,
          0.6953848494587876,
          0.7127042098647864,
          2.9481886608185497
        ],
        [
          0.0,
          0.0,
          0.0,
          1.0
        ]
      ],
      "w": 2016.0,
      "h": 4480.0,
      "fl_x": 3355.2236571764247,
      "fl_y": 3355.2236571764247,
      "k1": 0.013432707209153839,
      "k2": 0,
      "k3": 0,
      "k4": 0,
      "p1": 0,
      "p2": 0,
      "cx": 1008.0,
      "cy": 2240.0,
      "is_fisheye": false,
      "camera_angle_x": 0.5836971046523022,
      "camera_angle_y": 1.1773186816392078,
      "fovx": 33.44338061058284,
      "fovy": 67.45539159983282
    },
    {
      "file_path": "./images/kangaroo/20231129153052.jpg",
      "sharpness": 22.298313268580017,
      "transform_matrix": [
        [
          0.9909844353025511,
          0.08208078152481695,
          -0.10588953849521032,
          -0.5533893339439835
        ],
        [
          -0.1331502428082727,
          0.6910483418356855,
          -0.7104387391513978,
          -2.820922785439459
        ],
        [
          0.014861423059808735,
          0.7181329504964973,
          0.6957472267907231,
          2.936635426732507
        ],
        [
          0.0,
          0.0,
          0.0,
          1.0
        ]
      ],
      "w": 2016.0,
      "h": 4480.0,
      "fl_x": 3413.6898172781557,
      "fl_y": 3413.6898172781557,
      "k1": 0.0033512841325159548,
      "k2": 0,
      "k3": 0,
      "k4": 0,
      "p1": 0,
      "p2": 0,
      "cx": 1008.0,
      "cy": 2240.0,
      "is_fisheye": false,
      "camera_angle_x": 0.5742448833483281,
      "camera_angle_y": 1.1614169014648892,
      "fovx": 32.90180822284149,
      "fovy": 66.54428670909955
    },
    {
      "file_path": "./images/kangaroo/202311291530511.jpg",
      "sharpness": 17.78860821020968,
      "transform_matrix": [
        [
          0.7643312899710956,
          0.33908999374052906,
          -0.5484666401765365,
          -2.357865775482815
        ],
        [
          -0.6437195975266999,
          0.45100119095301416,
          -0.6182418665213528,
          -2.628147302687377
        ],
        [
          0.037719477268757476,
          0.8256003282236648,
          0.5629931963556024,
          2.1222667853827977
        ],
        [
          0.0,
          0.0,
          0.0,
          1.0
        ]
      ],
      "w": 2016.0,
      "h": 4480.0,
      "fl_x": 3325.049602813662,
      "fl_y": 3325.049602813662,
      "k1": 0.004853845170665643,
      "k2": 0,
      "k3": 0,
      "k4": 0,
      "p1": 0,
      "p2": 0,
      "cx": 1008.0,
      "cy": 2240.0,
      "is_fisheye": false,
      "camera_angle_x": 0.5886945596669608,
      "camera_angle_y": 1.185676536038598,
      "fovx": 33.72971369122927,
      "fovy": 67.93426138270272
    },
    {
      "file_path": "./images/kangaroo/20231129153051.jpg",
      "sharpness": 14.211763480210074,
      "transform_matrix": [
        [
          0.8948846502457934,
          0.3734152133811505,
          -0.24442287380755143,
          -0.8469149760034591
        ],
        [
          -0.44153139189383744,
          0.8205752757054066,
          -0.3629135528938889,
          -0.9573134543031144
        ],
        [
          0.0650499252705565,
          0.43268613953384666,
          0.8991947575184926,
          4.005782970027319
        ],
        [
          0.0,
          0.0,
          0.0,
          1.0
        ]
      ],
      "w": 2016.0,
      "h": 4480.0,
      "fl_x": 3417.8596153444587,
      "fl_y": 3417.8596153444587,
      "k1": 0.008170293007953692,
      "k2": 0,
      "k3": 0,
      "k4": 0,
      "p1": 0,
      "p2": 0,
      "cx": 1008.0,
      "cy": 2240.0,
      "is_fisheye": false,
      "camera_angle_x": 0.5735821118855354,
      "camera_angle_y": 1.160297298986212,
      "fovx": 32.86383421524175,
      "fovy": 66.48013821233896
    },
    {
      "file_path": "./images/kangaroo/202311291530501.jpg",
      "sharpness": 17.013042091465568,
      "transform_matrix": [
        [
          0.9681720272126705,
          -0.15319628641449323,
          0.1979237823559502,
          0.7091825079918546
        ],
        [
          0.250054509164682,
          0.6260376245298168,
          -0.7386133190785646,
          -2.856650607366966
        ],
        [
          -0.01075491696495617,
          0.7645964887076077,
          0.644419538257666,
          2.6418232030765907
        ],
        [
          0.0,
          0.0,
          0.0,
          1.0
        ]
      ],
      "w": 2016.0,
      "h": 4480.0,
      "fl_x": 3400.2465459370924,
      "fl_y": 3400.2465459370924,
      "k1": 0.009011459362294501,
      "k2": 0,
      "k3": 0,
      "k4": 0,
      "p1": 0,
      "p2": 0,
      "cx": 1008.0,
      "cy": 2240.0,
      "is_fisheye": false,
      "camera_angle_x": 0.5763918100953759,
      "camera_angle_y": 1.1650395081898126,
      "fovx": 33.024818064371075,
      "fovy": 66.75184678527337
    },
    {
      "file_path": "./images/kangaroo/20231129153050.jpg",
      "sharpness": 41.369656586542746,
      "transform_matrix": [
        [
          0.7820246581289274,
          -0.34825822797734196,
          0.5168690751000539,
          1.9955376414643613
        ],
        [
          0.6189762395058593,
          0.5309102625536016,
          -0.5787941845278255,
          -2.24063113647652
        ],
        [
          -0.07284125929995552,
          0.7725610007046871,
          0.6307484849010089,
          2.597355586293854
        ],
        [
          0.0,
          0.0,
          0.0,
          1.0
        ]
      ],
      "w": 2016.0,
      "h": 4480.0,
      "fl_x": 3368.812891682115,
      "fl_y": 3368.812891682115,
      "k1": 0.007747977295287829,
      "k2": 0,
      "k3": 0,
      "k4": 0,
      "p1": 0,
      "p2": 0,
      "cx": 1008.0,
      "cy": 2240.0,
      "is_fisheye": false,
      "camera_angle_x": 0.5814732654846769,
      "camera_angle_y": 1.173588472595629,
      "fovx": 33.31596401196203,
      "fovy": 67.2416663649342
    },
    {
      "file_path": "./images/kangaroo/20231129153049.jpg",
      "sharpness": 43.89187171877538,
      "transform_matrix": [
        [
          0.1131336208690096,
          -0.6355903612912331,
          0.7636921346544799,
          3.056888546029181
        ],
        [
          0.9926381367913087,
          0.10575838038742838,
          -0.059031299884782076,
          -0.21112449183548418
        ],
        [
          -0.04324711805441594,
          0.76474836232617,
          0.6428760605051161,
          2.5640232139183503
        ],
        [
          0.0,
          0.0,
          0.0,
          1.0
        ]
      ],
      "w": 2016.0,
      "h": 4480.0,
      "fl_x": 3360.754160780448,
      "fl_y": 3360.754160780448,
      "k1": 0.017950663892495364,
      "k2": 0,
      "k3": 0,
      "k4": 0,
      "p1": 0,
      "p2": 0,
      "cx": 1008.0,
      "cy": 2240.0,
      "is_fisheye": false,
      "camera_angle_x": 0.5827900624952488,
      "camera_angle_y": 1.1757980522581266,
      "fovx": 33.39141092314324,
      "fovy": 67.36826595409327
    },
    {
      "file_path": "./images/kangaroo/202311291530481.jpg",
      "sharpness": 34.75891473106553,
      "transform_matrix": [
        [
          0.3387762551275656,
          -0.6088567768675057,
          0.7173033349250681,
          2.7244214788988304
        ],
        [
          0.9406845310163334,
          0.23420015959727142,
          -0.2454850267368121,
          -1.1202294516922342
        ],
        [
          -0.01852733337089707,
          0.7579206492582271,
          0.6520836046223679,
          2.660867584065064
        ],
        [
          0.0,
          0.0,
          0.0,
          1.0
        ]
      ],
      "w": 2016.0,
      "h": 4480.0,
      "fl_x": 3388.119446966434,
      "fl_y": 3388.119446966434,
      "k1": 0.020181509669935933,
      "k2": 0,
      "k3": 0,
      "k4": 0,
      "p1": 0,
      "p2": 0,
      "cx": 1008.0,
      "cy": 2240.0,
      "is_fisheye": false,
      "camera_angle_x": 0.5783419726730039,
      "camera_angle_y": 1.1683246223735735,
      "fovx": 33.136554149433515,
      "fovy": 66.94006996322143
    },
    {
      "file_path": "./images/kangaroo/20231129153048.jpg",
      "sharpness": 37.53752667936344,
      "transform_matrix": [
        [
          0.3307391051954015,
          -0.3689069317891861,
          0.8686307155764199,
          3.117065775574645
        ],
        [
          0.9436996154801911,
          0.13565664848806794,
          -0.3017089814113996,
          -1.2394092909538168
        ],
        [
          -0.006532997023169353,
          0.9195134308251729,
          0.3930042882121829,
          1.550088444556184
        ],
        [
          0.0,
          0.0,
          0.0,
          1.0
        ]
      ],
      "w": 2016.0,
      "h": 4480.0,
      "fl_x": 3388.338159500358,
      "fl_y": 3388.338159500358,
      "k1": 0.00059566262834979,
      "k2": 0,
      "k3": 0,
      "k4": 0,
      "p1": 0,
      "p2": 0,
      "cx": 1008.0,
      "cy": 2240.0,
      "is_fisheye": false,
      "camera_angle_x": 0.5783066878715603,
      "camera_angle_y": 1.1682652303077932,
      "fovx": 33.13453247922983,
      "fovy": 66.93666704851566
    },
    {
      "file_path": "./images/kangaroo/20231129152847.jpg",
      "sharpness": 36.99296807913884,
      "transform_matrix": [
        [
          0.728192829118333,
          -0.6696589247739388,
          0.14591822422720185,
          1.0978330766746873
        ],
        [
          0.685119716386976,
          0.7170151947655566,
          -0.12845304470474891,
          -0.6483791528139715
        ],
        [
          -0.018605856163190545,
          0.1935100384306465,
          0.9809218558142916,
          4.365018287014055
        ],
        [
          0.0,
          0.0,
          0.0,
          1.0
        ]
      ],
      "w": 2016.0,
      "h": 4480.0,
      "fl_x": 3425.0214293527933,
      "fl_y": 3425.0214293527933,
      "k1": 0.05253694385837136,
      "k2": 0,
      "k3": 0,
      "k4": 0,
      "p1": 0,
      "p2": 0,
      "cx": 1008.0,
      "cy": 2240.0,
      "is_fisheye": false,
      "camera_angle_x": 0.572447237829781,
      "camera_angle_y": 1.1583787855189958,
      "fovx": 32.79881072156813,
      "fovy": 66.37021548772846
    },
    {
      "file_path": "./images/kangaroo/20231129153042.jpg",
      "sharpness": 12.36405054158167,
      "transform_matrix": [
        [
          -0.3993674313257841,
          0.8618621631255617,
          -0.31256881904492845,
          -0.7342195264968704
        ],
        [
          -0.8850495064086892,
          -0.2735052674211151,
          0.3766725897904158,
          1.1399892652008852
        ],
        [
          0.23915063458648986,
          0.42706964364989075,
          0.8720197781706466,
          3.542845754894692
        ],
        [
          0.0,
          0.0,
          0.0,
          1.0
        ]
      ],
      "w": 2016.0,
      "h": 4480.0,
      "fl_x": 3417.456728909783,
      "fl_y": 3417.456728909783,
      "k1": -0.011773467584444695,
      "k2": 0,
      "k3": 0,
      "k4": 0,
      "p1": 0,
      "p2": 0,
      "cx": 1008.0,
      "cy": 2240.0,
      "is_fisheye": false,
      "camera_angle_x": 0.5736460840168199,
      "camera_angle_y": 1.1604053917274948,
      "fovx": 32.86749954837081,
      "fovy": 66.48633147021047
    },
    {
      "file_path": "./images/kangaroo/202311291530421.jpg",
      "sharpness": 38.74060805935791,
      "transform_matrix": [
        [
          -0.9779283932786351,
          0.1309676638400234,
          0.162799043971774,
          0.6482246839764344
        ],
        [
          -0.038305867754340625,
          -0.8783397100376373,
          0.4764997526414538,
          1.4632555824540703
        ],
        [
          0.20539892450037275,
          0.459746478849408,
          0.8639701714010793,
          3.4675911459765363
        ],
        [
          0.0,
          0.0,
          0.0,
          1.0
        ]
      ],
      "w": 2016.0,
      "h": 4480.0,
      "fl_x": 3391.7160480151456,
      "fl_y": 3391.7160480151456,
      "k1": -0.009491810304251492,
      "k2": 0,
      "k3": 0,
      "k4": 0,
      "p1": 0,
      "p2": 0,
      "cx": 1008.0,
      "cy": 2240.0,
      "is_fisheye": false,
      "camera_angle_x": 0.5777622654778946,
      "camera_angle_y": 1.1673486313590966,
      "fovx": 33.10333937380038,
      "fovy": 66.88414979724922
    },
    {
      "file_path": "./images/kangaroo/20231129153043.jpg",
      "sharpness": 16.10808919203132,
      "transform_matrix": [
        [
          -0.9824489960545667,
          0.054544088185821966,
          0.17837856560058116,
          0.5732815070931083
        ],
        [
          0.11051118776870561,
          -0.6001934065888733,
          0.7921837867982233,
          2.5802746696398957
        ],
        [
          0.1502705812767503,
          0.7979929931876178,
          0.5836316777706329,
          2.17502592855123
        ],
        [
          0.0,
          0.0,
          0.0,
          1.0
        ]
      ],
      "w": 2016.0,
      "h": 4480.0,
      "fl_x": 3404.7374823106966,
      "fl_y": 3404.7374823106966,
      "k1": -0.0032910631466533643,
      "k2": 0,
      "k3": 0,
      "k4": 0,
      "p1": 0,
      "p2": 0,
      "cx": 1008.0,
      "cy": 2240.0,
      "is_fisheye": false,
      "camera_angle_x": 0.5756728615105657,
      "camera_angle_y": 1.1638270983148067,
      "fovx": 32.983625344774545,
      "fovy": 66.68238081639555
    },
    {
      "file_path": "./images/kangaroo/20231129153041.jpg",
      "sharpness": 16.75272695144061,
      "transform_matrix": [
        [
          0.8197400705630135,
          0.5451793616366348,
          0.1755154706263421,
          0.9357780058989608
        ],
        [
          -0.5523480366950467,
          0.8335600863186736,
          -0.009446102704951964,
          -0.09725512682156133
        ],
        [
          -0.15145251108819635,
          -0.08920227671216437,
          0.9844313540240353,
          4.88887604469718
        ],
        [
          0.0,
          0.0,
          0.0,
          1.0
        ]
      ],
      "w": 2016.0,
      "h": 4480.0,
      "fl_x": 3388.1717046403774,
      "fl_y": 3388.1717046403774,
      "k1": 0.034302167090723173,
      "k2": 0,
      "k3": 0,
      "k4": 0,
      "p1": 0,
      "p2": 0,
      "cx": 1008.0,
      "cy": 2240.0,
      "is_fisheye": false,
      "camera_angle_x": 0.5783335415838583,
      "camera_angle_y": 1.1683104311552837,
      "fovx": 33.13607108360877,
      "fovy": 66.93925686630728
    },
    {
      "file_path": "./images/kangaroo/202311291530431.jpg",
      "sharpness": 19.208349385281494,
      "transform_matrix": [
        [
          -0.9291552857001388,
          -0.030121931211569242,
          0.3684604787300104,
          1.3832011820818344
        ],
        [
          0.3625589944243267,
          -0.26905626106212127,
          0.8922778176924901,
          3.3020417930765427
        ],
        [
          0.07225946771011355,
          0.9626533112754206,
          0.26091602420677157,
          0.7841689357394549
        ],
        [
          0.0,
          0.0,
          0.0,
          1.0
        ]
      ],
      "w": 2016.0,
      "h": 4480.0,
      "fl_x": 3379.0880689129876,
      "fl_y": 3379.0880689129876,
      "k1": 0.016892925156628352,
      "k2": 0,
      "k3": 0,
      "k4": 0,
      "p1": 0,
      "p2": 0,
      "cx": 1008.0,
      "cy": 2240.0,
      "is_fisheye": false,
      "camera_angle_x": 0.5798026642707067,
      "camera_angle_y": 1.1707817876527784,
      "fovx": 33.2202456131521,
      "fovy": 67.08085516328596
    },
    {
      "file_path": "./images/kangaroo/20231129153044.jpg",
      "sharpness": 23.316769526462654,
      "transform_matrix": [
        [
          -0.7891359643534921,
          -0.3838999705601351,
          0.4794634943748907,
          2.050586142037176
        ],
        [
          0.611686021795543,
          -0.5620068844548501,
          0.5567660842455072,
          2.337511243366356
        ],
        [
          0.05571930133273585,
          0.7326452582807627,
          0.678326090496935,
          2.4820138757460004
        ],
        [
          0.0,
          0.0,
          0.0,
          1.0
        ]
      ],
      "w": 2016.0,
      "h": 4480.0,
      "fl_x": 3361.871386237193,
      "fl_y": 3361.871386237193,
      "k1": 0.03331294988789906,
      "k2": 0,
      "k3": 0,
      "k4": 0,
      "p1": 0,
      "p2": 0,
      "cx": 1008.0,
      "cy": 2240.0,
      "is_fisheye": false,
      "camera_angle_x": 0.5826071619433281,
      "camera_angle_y": 1.1754912881692008,
      "fovx": 33.38093149344758,
      "fovy": 67.35068966649165
    },
    {
      "file_path": "./images/kangaroo/202311291530441.jpg",
      "sharpness": 27.77804682490861,
      "transform_matrix": [
        [
          -0.7863902389499238,
          -0.30215144695110946,
          0.5387902145176751,
          2.0617587237653647
        ],
        [
          0.6147055028743642,
          -0.46897037012593384,
          0.6341955035166206,
          2.4213473423787044
        ],
        [
          0.06105355728515086,
          0.8299224633102764,
          0.5545278785660658,
          1.855344049575772
        ],
        [
          0.0,
          0.0,
          0.0,
          1.0
        ]
      ],
      "w": 2016.0,
      "h": 4480.0,
      "fl_x": 3372.5930516035833,
      "fl_y": 3372.5930516035833,
      "k1": 0.017437188619481948,
      "k2": 0,
      "k3": 0,
      "k4": 0,
      "p1": 0,
      "p2": 0,
      "cx": 1008.0,
      "cy": 2240.0,
      "is_fisheye": false,
      "camera_angle_x": 0.5808575773675774,
      "camera_angle_y": 1.172554534503249,
      "fovx": 33.28068768135587,
      "fovy": 67.18242607596304
    },
    {
      "file_path": "./images/kangaroo/20231129153045.jpg",
      "sharpness": 32.70856584770406,
      "transform_matrix": [
        [
          -0.019178220343595787,
          -0.57545606273388,
          0.8176078007196622,
          3.103653333524723
        ],
        [
          0.9973949248037987,
          0.045864362546842126,
          0.0556760650960243,
          0.326018111601432
        ],
        [
          -0.06953818980200617,
          0.8165456387620627,
          0.5730773595675062,
          1.9435143736145553
        ],
        [
          0.0,
          0.0,
          0.0,
          1.0
        ]
      ],
      "w": 2016.0,
      "h": 4480.0,
      "fl_x": 3366.034237631331,
      "fl_y": 3366.034237631331,
      "k1": 0.017513007336897986,
      "k2": 0,
      "k3": 0,
      "k4": 0,
      "p1": 0,
      "p2": 0,
      "cx": 1008.0,
      "cy": 2240.0,
      "is_fisheye": false,
      "camera_angle_x": 0.5819266441039571,
      "camera_angle_y": 1.1743495084430728,
      "fovx": 33.34194069336826,
      "fovy": 67.28527050705091
    },
    {
      "file_path": "./images/kangaroo/20231129153046.jpg",
      "sharpness": 17.336412603791356,
      "transform_matrix": [
        [
          -0.40540486687832683,
          -0.7132058083411751,
          0.5718254706902681,
          2.50410657324404
        ],
        [
          0.9141340014614686,
          -0.31795908584946414,
          0.25151748865356616,
          1.1036585573209916
        ],
        [
          0.002433370119008232,
          0.6246915196648525,
          0.7808678403160362,
          3.3584932806384296
        ],
        [
          0.0,
          0.0,
          0.0,
          1.0
        ]
      ],
      "w": 2016.0,
      "h": 4480.0,
      "fl_x": 3251.9385482235266,
      "fl_y": 3251.9385482235266,
      "k1": 0.03545289207252733,
      "k2": 0,
      "k3": 0,
      "k4": 0,
      "p1": 0,
      "p2": 0,
      "cx": 1008.0,
      "cy": 2240.0,
      "is_fisheye": false,
      "camera_angle_x": 0.6011546969336566,
      "camera_angle_y": 1.20636613717483,
      "fovx": 34.44362696876462,
      "fovy": 69.11968820761788
    },
    {
      "file_path": "./images/kangaroo/202311291530461.jpg",
      "sharpness": 24.76045552600997,
      "transform_matrix": [
        [
          -0.3778511269862548,
          -0.5571839395224848,
          0.7394420757867317,
          3.2482717158038508
        ],
        [
          0.9256615856009336,
          -0.21054313494840748,
          0.3143600121988195,
          1.3770985148793824
        ],
        [
          -0.019471897276378214,
          0.8032544092215286,
          0.595317729749233,
          2.2209189518236463
        ],
        [
          0.0,
          0.0,
          0.0,
          1.0
        ]
      ],
      "w": 2016.0,
      "h": 4480.0,
      "fl_x": 3335.7654007806245,
      "fl_y": 3335.7654007806245,
      "k1": 0.03419694382392695,
      "k2": 0,
      "k3": 0,
      "k4": 0,
      "p1": 0,
      "p2": 0,
      "cx": 1008.0,
      "cy": 2240.0,
      "is_fisheye": false,
      "camera_angle_x": 0.5869103121867814,
      "camera_angle_y": 1.1826964511920401,
      "fovx": 33.62748384100814,
      "fovy": 67.76351509840407
    },
    {
      "file_path": "./images/kangaroo/20231129153047.jpg",
      "sharpness": 40.4877825607143,
      "transform_matrix": [
        [
          -0.08338976806073276,
          -0.5435346312166187,
          0.8352342493704151,
          3.369136477352545
        ],
        [
          0.989877448648371,
          0.051411416598709,
          0.13228568668410648,
          0.41338994426098175
        ],
        [
          -0.11484242787897543,
          0.8378108205208662,
          0.5337454878948997,
          1.9914714146162305
        ],
        [
          0.0,
          0.0,
          0.0,
          1.0
        ]
      ],
      "w": 2016.0,
      "h": 4480.0,
      "fl_x": 3367.1848731738205,
      "fl_y": 3367.1848731738205,
      "k1": 0.010892739937088308,
      "k2": 0,
      "k3": 0,
      "k4": 0,
      "p1": 0,
      "p2": 0,
      "cx": 1008.0,
      "cy": 2240.0,
      "is_fisheye": false,
      "camera_angle_x": 0.5817388175422102,
      "camera_angle_y": 1.1740342592681272,
      "fovx": 33.331179024099704,
      "fovy": 67.26720805983155
    },
    {
      "file_path": "./images/kangaroo/202311291530471.jpg",
      "sharpness": 16.25442231923726,
      "transform_matrix": [
        [
          -0.011150614660572752,
          -0.7180989815497751,
          0.6958516483850825,
          2.7177768647603058
        ],
        [
          0.9940818839330724,
          0.06724193701987045,
          0.0853213334557628,
          0.40524756098170106
        ],
        [
          -0.10805957537493478,
          0.6926849028762678,
          0.7130993995006821,
          3.3083459727350757
        ],
        [
          0.0,
          0.0,
          0.0,
          1.0
        ]
      ],
      "w": 2016.0,
      "h": 4480.0,
      "fl_x": 3393.517610433843,
      "fl_y": 3393.517610433843,
      "k1": 0.008473405745558726,
      "k2": 0,
      "k3": 0,
      "k4": 0,
      "p1": 0,
      "p2": 0,
      "cx": 1008.0,
      "cy": 2240.0,
      "is_fisheye": false,
      "camera_angle_x": 0.5774723105612003,
      "camera_angle_y": 1.1668602922393656,
      "fovx": 33.08672618082473,
      "fovy": 66.85617002671749
    }
  ],
  "aabb_scale": 32
}