{
  "frames": [
    {
      "file_path": "./images/kangaroo/20231129153056.jpg",
      "sharpness": 16.767966744509664,
      "transform_matrix": [
        [
          -0.7817074035415522,
          0.566189085129817,
          -0.2614640610076411,
          -1.0668080462454725
        ],
        [
          -0.5988191355092096,
          -0.5643231076209244,
          0.5682913629062424,
          2.2282764583899017
        ],
        [
          0.17421015541204318,
          0.6008072487318519,
          0.7801804097090407,
          3.0295878959812246
        ],
        [
          0.0,
          0.0,
          0.0,
          1.0
        ]
      ],
      "w": 2016.0,
      "h": 4480.0,
      "fl_x": 3357.701465178225,
      "fl_y": 3357.701465178225,
      "k1": 0.020268201427989085,
      "k2": 0,
      "k3": 0,
      "k4": 0,
      "p1": 0,
      "p2": 0,
      "cx": 1008.0,
      "cy": 2240.0,
      "is_fisheye": false,
      "camera_angle_x": 0.5832903874925696,
      "camera_angle_y": 1.1766369718878151,
      "fovx": 33.42007743387462,
      "fovy": 67.4163325082251
    },
    {
      "file_path": "./images/kangaroo/202311291530551.jpg",
      "sharpness": 18.455250295709334,
      "transform_matrix": [
        [
          -0.9683776476760974,
          0.2405526848428528,
          0.06617505093783858,
          0.2213629591595782
        ],
        [
          -0.08048207582586923,
          -0.5522600663764475,
          0.8297779549719372,
          3.4075219454701937
        ],
        [
          0.2361511529153068,
          0.7982125186618473,
          0.5541564834047087,
          2.1749375410749434
        ],
        [
          0.0,
          0.0,
          0.0,
          1.0
        ]
      ],
      "w": 2016.0,
      "h": 4480.0,
      "fl_x": 3364.98233992167,
      "fl_y": 3364.98233992167,
      "k1": 0.019273600319059496,
      "k2": 0,
      "k3": 0,
      "k4": 0,
      "p1": 0,
      "p2": 0,
      "cx": 1008.0,
      "cy": 2240.0,
      "is_fisheye": false,
      "camera_angle_x": 0.5820984561142694,
      "camera_angle_y": 1.1746378363215406,
      "fovx": 33.3517847964288,
      "fovy": 67.30179047760306
    },
    {
      "file_path": "./images/kangaroo/20231129153055.jpg",
      "sharpness": 52.87317287592118,
      "transform_matrix": [
        [
          -0.9277934258239091,
          0.27261223999027234,
          0.25471930762280837,
          0.7452163118580931
        ],
        [
          0.17507446025804838,
          -0.2847737143666572,
          0.942471678604689,
          3.8277389977542136
        ],
        [
          0.3294666787844664,
          0.9190138727340217,
          0.21648373926080577,
          0.7540820976844821
        ],
        [
          0.0,
          0.0,
          0.0,
          1.0
        ]
      ],
      "w": 2016.0,
      "h": 4480.0,
      "fl_x": 3368.267856069062,
      "fl_y": 3368.267856069062,
      "k1": 0.030955452515213353,
      "k2": 0,
      "k3": 0,
      "k4": 0,
      "p1": 0,
      "p2": 0,
      "cx": 1008.0,
      "cy": 2240.0,
      "is_fisheye": false,
      "camera_angle_x": 0.5815621420035915,
      "camera_angle_y": 1.1737376818623553,
      "fovx": 33.32105626139365,
      "fovy": 67.25021542618188
    },
    {
      "file_path": "./images/kangaroo/202311291530541.jpg",
      "sharpness": 47.81422681032735,
      "transform_matrix": [
        [
          -0.06098154989215915,
          0.6519068842941081,
          -0.7558430160113406,
          -2.813322247580653
        ],
        [
          -0.985863239194751,
          0.07905905234763129,
          0.1477272481538053,
          0.45458849971043097
        ],
        [
          0.15606064263872185,
          0.7541664806413939,
          0.6378698890583839,
          2.18162326856649
        ],
        [
          0.0,
          0.0,
          0.0,
          1.0
        ]
      ],
      "w": 2016.0,
      "h": 4480.0,
      "fl_x": 3342.577078516753,
      "fl_y": 3342.577078516753,
      "k1": -0.006647068462952037,
      "k2": 0,
      "k3": 0,
      "k4": 0,
      "p1": 0,
      "p2": 0,
      "cx": 1008.0,
      "cy": 2240.0,
      "is_fisheye": false,
      "camera_angle_x": 0.5857815756396784,
      "camera_angle_y": 1.1808089597139335,
      "fovx": 33.56281200067696,
      "fovy": 67.65536980284165
    },
    {
      "file_path": "./images/kangaroo/20231129153054.jpg",
      "sharpness": 44.77615426873952,
      "transform_matrix": [
        [
          -0.2681189500171964,
          0.67575896133507,
          -0.68663094518631,
          -2.610752073419919
        ],
        [
          -0.9316103550650423,
          -0.0003264121885898171,
          0.3634584430047509,
          1.3962439120626955
        ],
        [
          0.2453861752237804,
          0.737122594756983,
          0.6296315632010266,
          2.283838780835012
        ],
        [
          0.0,
          0.0,
          0.0,
          1.0
        ]
      ],
      "w": 2016.0,
      "h": 4480.0,
      "fl_x": 3366.2107496375866,
      "fl_y": 3366.2107496375866,
      "k1": -0.0009674688620409409,
      "k2": 0,
      "k3": 0,
      "k4": 0,
      "p1": 0,
      "p2": 0,
      "cx": 1008.0,
      "cy": 2240.0,
      "is_fisheye": false,
      "camera_angle_x": 0.5818978231205297,
      "camera_angle_y": 1.1743011382830213,
      "fovx": 33.34028937265645,
      "fovy": 67.28249910102559
    },
    {
      "file_path": "./images/kangaroo/20231129153053.jpg",
      "sharpness": 15.697049162919685,
      "transform_matrix": [
        [
          -0.0884234181428507,
          0.8599757696875375,
          -0.5026161306053395,
          -2.227547101330643
        ],
        [
          -0.9858103792069887,
          -0.003272465940686085,
          0.16783082915605574,
          0.8361260070600689
        ],
        [
          0.1426856523121313,
          0.5103243738913265,
          0.8480624022487254,
          3.4044066225435663
        ],
        [
          0.0,
          0.0,
          0.0,
          1.0
        ]
      ],
      "w": 2016.0,
      "h": 4480.0,
      "fl_x": 3345.882239384142,
      "fl_y": 3345.882239384142,
      "k1": 0.01854617152470426,
      "k2": 0,
      "k3": 0,
      "k4": 0,
      "p1": 0,
      "p2": 0,
      "cx": 1008.0,
      "cy": 2240.0,
      "is_fisheye": false,
      "camera_angle_x": 0.5852354083787871,
      "camera_angle_y": 1.17989502287286,
      "fovx": 33.53151892171967,
      "fovy": 67.60300507910661
    },
    {
      "file_path": "./images/kangaroo/202311291530521.jpg",
      "sharpness": 26.131893291129384,
      "transform_matrix": [
        [
          0.33343084135323764,
          0.6527846870651126,
          -0.680217631672538,
          -2.809353231742488
        ],
        [
          -0.9382928514333743,
          0.3000404782915399,
          -0.17199487299445976,
          -0.7288511057462884
        ],
        [
          0.09181720420487467,
          0.6955917364282691,
          0.7125459545151437,
          2.9470970830932934
        ],
        [
          0.0,
          0.0,
          0.0,
          1.0
        ]
      ],
      "w": 2016.0,
      "h": 4480.0,
      "fl_x": 3359.2108153082845,
      "fl_y": 3359.2108153082845,
      "k1": 0.012123846342232169,
      "k2": 0,
      "k3": 0,
      "k4": 0,
      "p1": 0,
      "p2": 0,
      "cx": 1008.0,
      "cy": 2240.0,
      "is_fisheye": false,
      "camera_angle_x": 0.5830429065807504,
      "camera_angle_y": 1.17622205133586,
      "fovx": 33.40589782211733,
      "fovy": 67.39255931176484
    },
    {
      "file_path": "./images/kangaroo/20231129153052.jpg",
      "sharpness": 22.298313268580017,
      "transform_matrix": [
        [
          0.991122342040456,
          0.0816053656253386,
          -0.10496221929731717,
          -0.5476793729444602
        ],
        [
          -0.13218736662020278,
          0.6894421774605571,
          -0.7121769331038679,
          -2.8118750528153753
        ],
        [
          0.014247922007561451,
          0.7197291492486193,
          0.6941087440102717,
          2.9144343230979346
        ],
        [
          0.0,
          0.0,
          0.0,
          1.0
        ]
      ],
      "w": 2016.0,
      "h": 4480.0,
      "fl_x": 3394.7683703470925,
      "fl_y": 3394.7683703470925,
      "k1": 0.001421674616531369,
      "k2": 0,
      "k3": 0,
      "k4": 0,
      "p1": 0,
      "p2": 0,
      "cx": 1008.0,
      "cy": 2240.0,
      "is_fisheye": false,
      "camera_angle_x": 0.5772711716317815,
      "camera_angle_y": 1.166521468318364,
      "fovx": 33.07520176907326,
      "fovy": 66.83675684604603
    },
    {
      "file_path": "./images/kangaroo/202311291530511.jpg",
      "sharpness": 17.78860821020968,
      "transform_matrix": [
        [
          0.7646991042570815,
          0.3391528537261596,
          -0.5479147943140805,
          -2.3584146952493534
        ],
        [
          -0.6433008247667368,
          0.4511566877789444,
          -0.618564218111214,
          -2.6321736814166545
        ],
        [
          0.037407604002513244,
          0.8254895425992725,
          0.5631764255481816,
          2.1247225603285296
        ],
        [
          0.0,
          0.0,
          0.0,
          1.0
        ]
      ],
      "w": 2016.0,
      "h": 4480.0,
      "fl_x": 3332.140285337088,
      "fl_y": 3332.140285337088,
      "k1": 0.005657009909502613,
      "k2": 0,
      "k3": 0,
      "k4": 0,
      "p1": 0,
      "p2": 0,
      "cx": 1008.0,
      "cy": 2240.0,
      "is_fisheye": false,
      "camera_angle_x": 0.5875127398856265,
      "camera_angle_y": 1.1837031256246064,
      "fovx": 33.66200040561374,
      "fovy": 67.82119329473383
    },
    {
      "file_path": "./images/kangaroo/20231129153051.jpg",
      "sharpness": 14.211763480210074,
      "transform_matrix": [
        [
          0.8950034842756763,
          0.37282589840787256,
          -0.24488693856795332,
          -0.8313128310356326
        ],
        [
          -0.4411867565544669,
          0.8208153976583767,
          -0.3627896481552914,
          -0.9275967238801085
        ],
        [
          0.06574959335542449,
          0.43273887330748056,
          0.8991184897294462,
          3.932717171867496
        ],
        [
          0.0,
          0.0,
          0.0,
          1.0
        ]
      ],
      "w": 2016.0,
      "h": 4480.0,
      "fl_x": 3377.4422171678316,
      "fl_y": 3377.4422171678316,
      "k1": -0.00951593996480236,
      "k2": 0,
      "k3": 0,
      "k4": 0,
      "p1": 0,
      "p2": 0,
      "cx": 1008.0,
      "cy": 2240.0,
      "is_fisheye": false,
      "camera_angle_x": 0.580069629179919,
      "camera_angle_y": 1.171230557732976,
      "fovx": 33.235541575728064,
      "fovy": 67.10656779485302
    },
    {
      "file_path": "./images/kangaroo/202311291530501.jpg",
      "sharpness": 17.013042091465568,
      "transform_matrix": [
        [
          0.9680384044601594,
          -0.15342015402826994,
          0.19840338681230457,
          0.7096905017551425
        ],
        [
          0.25057009093916854,
          0.6256312874109385,
          -0.7387828650828591,
          -2.8534818200422216
        ],
        [
          -0.010783185363613584,
          0.7648841406335142,
          0.6440776151924053,
          2.6364734757460715
        ],
        [
          0.0,
          0.0,
          0.0,
          1.0
        ]
      ],
      "w": 2016.0,
      "h": 4480.0,
      "fl_x": 3397.8828186523247,
      "fl_y": 3397.8828186523247,
      "k1": 0.00923736043140459,
      "k2": 0,
      "k3": 0,
      "k4": 0,
      "p1": 0,
      "p2": 0,
      "cx": 1008.0,
      "cy": 2240.0,
      "is_fisheye": false,
      "camera_angle_x": 0.5767709180208858,
      "camera_angle_y": 1.1656785369113483,
      "fovx": 33.046539348482746,
      "fovy": 66.788460434005
    },
    {
      "file_path": "./images/kangaroo/20231129153050.jpg",
      "sharpness": 41.369656586542746,
      "transform_matrix": [
        [
          0.7817436861493462,
          -0.3484317443441854,
          0.5171770768018654,
          1.9928381758273097
        ],
        [
          0.6193474660105942,
          0.5305025716821563,
          -0.5787708853990877,
          -2.2368153107821382
        ],
        [
          -0.07270162008321703,
          0.7727627973838057,
          0.6305173538357393,
          2.591535312564714
        ],
        [
          0.0,
          0.0,
          0.0,
          1.0
        ]
      ],
      "w": 2016.0,
      "h": 4480.0,
      "fl_x": 3366.0159534731383,
      "fl_y": 3366.0159534731383,
      "k1": 0.007560310703961839,
      "k2": 0,
      "k3": 0,
      "k4": 0,
      "p1": 0,
      "p2": 0,
      "cx": 1008.0,
      "cy": 2240.0,
      "is_fisheye": false,
      "camera_angle_x": 0.5819296297105345,
      "camera_angle_y": 1.1743545191114677,
      "fovx": 33.34211175602443,
      "fovy": 67.28555759720247
    },
    {
      "file_path": "./images/kangaroo/20231129153049.jpg",
      "sharpness": 43.89187171877538,
      "transform_matrix": [
        [
          0.11280745234049783,
          -0.6356502658438894,
          0.7636905252125769,
          3.0531335062283675
        ],
        [
          0.992689136700644,
          0.10530511953607688,
          -0.058983978136376486,
          -0.21110974196672194
        ],
        [
          -0.04292734066316186,
          0.7647611204822062,
          0.6428823158973818,
          2.5607813420413956
        ],
        [
          0.0,
          0.0,
          0.0,
          1.0
        ]
      ],
      "w": 2016.0,
      "h": 4480.0,
      "fl_x": 3360.2761187403576,
      "fl_y": 3360.2761187403576,
      "k1": 0.01816204238495119,
      "k2": 0,
      "k3": 0,
      "k4": 0,
      "p1": 0,
      "p2": 0,
      "cx": 1008.0,
      "cy": 2240.0,
      "is_fisheye": false,
      "camera_angle_x": 0.5828683566614183,
      "camera_angle_y": 1.1759293546138145,
      "fovx": 33.39589684842525,
      "fovy": 67.37578902491431
    },
    {
      "file_path": "./images/kangaroo/202311291530481.jpg",
      "sharpness": 34.75891473106553,
      "transform_matrix": [
        [
          0.33843157096076393,
          -0.6089386533405586,
          0.717396534920011,
          2.720589981051356
        ],
        [
          0.9408138849943295,
          0.23375766478546967,
          -0.24541105915726436,
          -1.1187969023631041
        ],
        [
          -0.01825665884998469,
          0.7579914713813037,
          0.6520089138900123,
          2.6563503402281614
        ],
        [
          0.0,
          0.0,
          0.0,
          1.0
        ]
      ],
      "w": 2016.0,
      "h": 4480.0,
      "fl_x": 3386.602974680416,
      "fl_y": 3386.602974680416,
      "k1": 0.020199235355805204,
      "k2": 0,
      "k3": 0,
      "k4": 0,
      "p1": 0,
      "p2": 0,
      "cx": 1008.0,
      "cy": 2240.0,
      "is_fisheye": false,
      "camera_angle_x": 0.5785867396646791,
      "camera_angle_y": 1.1687365719122669,
      "fovx": 33.15057826502061,
      "fovy": 66.96367293316092
    },
    {
      "file_path": "./images/kangaroo/20231129153048.jpg",
      "sharpness": 37.53752667936344,
      "transform_matrix": [
        [
          0.33036387385972343,
          -0.36908124032273487,
          0.8686994583632769,
          3.1133450359559833
        ],
        [
          0.9438328688107255,
          0.1352888128135411,
          -0.3014572156721219,
          -1.2374562787837247
        ],
        [
          -0.0062631153492289995,
          0.9194976754937432,
          0.39304554216899196,
          1.5480366831927892
        ],
        [
          0.0,
          0.0,
          0.0,
          1.0
        ]
      ],
      "w": 2016.0,
      "h": 4480.0,
      "fl_x": 3387.6951013341877,
      "fl_y": 3387.6951013341877,
      "k1": 0.0006960837762375138,
      "k2": 0,
      "k3": 0,
      "k4": 0,
      "p1": 0,
      "p2": 0,
      "cx": 1008.0,
      "cy": 2240.0,
      "is_fisheye": false,
      "camera_angle_x": 0.5784104441142915,
      "camera_angle_y": 1.1684398699639083,
      "fovx": 33.14047727403647,
      "fovy": 66.94667316374667
    },
    {
      "file_path": "./images/kangaroo/202311291530471.jpg",
      "sharpness": 16.25442231923726,
      "transform_matrix": [
        [
          -0.011414371568027546,
          -0.7180728831658599,
          0.695874303774754,
          2.7149194430590757
        ],
        [
          0.9941204231291975,
          0.06679007081501341,
          0.08522717148140109,
          0.4038102272685185
        ],
        [
          -0.1076768147771848,
          0.6927556719162747,
          0.7130885517651101,
          3.304744545540613
        ],
        [
          0.0,
          0.0,
          0.0,
          1.0
        ]
      ],
      "w": 2016.0,
      "h": 4480.0,
      "fl_x": 3393.0629347291992,
      "fl_y": 3393.0629347291992,
      "k1": 0.008833629963889486,
      "k2": 0,
      "k3": 0,
      "k4": 0,
      "p1": 0,
      "p2": 0,
      "cx": 1008.0,
      "cy": 2240.0,
      "is_fisheye": false,
      "camera_angle_x": 0.5775454622691713,
      "camera_angle_y": 1.1669835044844108,
      "fovx": 33.09091746495564,
      "fovy": 66.86322956834292
    },
    {
      "file_path": "./images/kangaroo/20231129153003.jpg",
      "sharpness": 5.762736235046084,
      "transform_matrix": [
        [
          -0.9522188505841938,
          0.30070067160625696,
          -0.053463695701706976,
          -0.2646818302714828
        ],
        [
          -0.25917357040408373,
          -0.7029558866859151,
          0.6623307948286773,
          2.5303550072945753
        ],
        [
          0.16158069521298993,
          0.6445402450602878,
          0.7473015131145545,
          3.220578126891033
        ],
        [
          0.0,
          0.0,
          0.0,
          1.0
        ]
      ],
      "w": 1280.0,
      "h": 2844.0,
      "fl_x": 2139.136575360316,
      "fl_y": 2139.136575360316,
      "k1": 0.01077762863960339,
      "k2": 0,
      "k3": 0,
      "k4": 0,
      "p1": 0,
      "p2": 0,
      "cx": 640.0,
      "cy": 1422.0,
      "is_fisheye": false,
      "camera_angle_x": 0.581419920757299,
      "camera_angle_y": 1.1733548236439764,
      "fovx": 33.312907584224,
      "fovy": 67.22827926611687
    },
    {
      "file_path": "./images/kangaroo/20231129153041.jpg",
      "sharpness": 16.75272695144061,
      "transform_matrix": [
        [
          0.819717417091522,
          0.5449419750012254,
          0.1763564574065547,
          0.9631357723918612
        ],
        [
          -0.5520782011653788,
          0.8337307777326332,
          -0.010131636595706681,
          -0.10248113386287633
        ],
        [
          -0.1525549604481979,
          -0.08905747678776693,
          0.9842742249708853,
          5.012293658400177
        ],
        [
          0.0,
          0.0,
          0.0,
          1.0
        ]
      ],
      "w": 2016.0,
      "h": 4480.0,
      "fl_x": 3460.463691552012,
      "fl_y": 3460.463691552012,
      "k1": 0.03850016635000265,
      "k2": 0,
      "k3": 0,
      "k4": 0,
      "p1": 0,
      "p2": 0,
      "cx": 1008.0,
      "cy": 2240.0,
      "is_fisheye": false,
      "camera_angle_x": 0.5668946919421554,
      "camera_angle_y": 1.1489666693516112,
      "fovx": 32.48067327665446,
      "fovy": 65.83094095505048
    },
    {
      "file_path": "./images/kangaroo/20231129152847.jpg",
      "sharpness": 36.99296807913884,
      "transform_matrix": [
        [
          0.727950432947927,
          -0.6698977882766044,
          0.14603123126051384,
          1.098112051833574
        ],
        [
          0.6853769263439873,
          0.7167687887696554,
          -0.1284561103323595,
          -0.6482454182292948
        ],
        [
          -0.01861816455087681,
          0.19359611756280665,
          0.9809046372020861,
          4.365955303697233
        ],
        [
          0.0,
          0.0,
          0.0,
          1.0
        ]
      ],
      "w": 2016.0,
      "h": 4480.0,
      "fl_x": 3429.567812347498,
      "fl_y": 3429.567812347498,
      "k1": 0.048230551087627534,
      "k2": 0,
      "k3": 0,
      "k4": 0,
      "p1": 0,
      "p2": 0,
      "cx": 1008.0,
      "cy": 2240.0,
      "is_fisheye": false,
      "camera_angle_x": 0.5717290733375078,
      "camera_angle_y": 1.157163809244849,
      "fovx": 32.757662927164716,
      "fovy": 66.30060247501132
    },
    {
      "file_path": "./images/kangaroo/202311291530421.jpg",
      "sharpness": 38.74060805935791,
      "transform_matrix": [
        [
          -0.9775648372685621,
          0.13257934328461593,
          0.16367561437407827,
          0.6692571968082796
        ],
        [
          -0.03763946291774627,
          -0.8745042576694747,
          0.4835551407543863,
          1.5512511146255394
        ],
        [
          0.20724444464991512,
          0.46654584026416573,
          0.8598748276145449,
          3.538734837080628
        ],
        [
          0.0,
          0.0,
          0.0,
          1.0
        ]
      ],
      "w": 2016.0,
      "h": 4480.0,
      "fl_x": 3469.6442769436394,
      "fl_y": 3469.6442769436394,
      "k1": -0.004046330647536407,
      "k2": 0,
      "k3": 0,
      "k4": 0,
      "p1": 0,
      "p2": 0,
      "cx": 1008.0,
      "cy": 2240.0,
      "is_fisheye": false,
      "camera_angle_x": 0.5654734705822243,
      "camera_angle_y": 1.146550752269093,
      "fovx": 32.399243290976564,
      "fovy": 65.69251910256862
    },
    {
      "file_path": "./images/kangaroo/20231129153042.jpg",
      "sharpness": 12.36405054158167,
      "transform_matrix": [
        [
          -0.39944740096123205,
          0.861795323612139,
          -0.31265091417743746,
          -0.7349215702657194
        ],
        [
          -0.8850651929654269,
          -0.2736248954360745,
          0.3765488292365787,
          1.1385707295961098
        ],
        [
          0.23895894644791488,
          0.427127892860817,
          0.8720437977097095,
          3.540531229980799
        ],
        [
          0.0,
          0.0,
          0.0,
          1.0
        ]
      ],
      "w": 2016.0,
      "h": 4480.0,
      "fl_x": 3420.681681217467,
      "fl_y": 3420.681681217467,
      "k1": -0.01354025922870637,
      "k2": 0,
      "k3": 0,
      "k4": 0,
      "p1": 0,
      "p2": 0,
      "cx": 1008.0,
      "cy": 2240.0,
      "is_fisheye": false,
      "camera_angle_x": 0.5731344001840907,
      "camera_angle_y": 1.159540650047825,
      "fovx": 32.838182224310344,
      "fovy": 66.43678542159633
    },
    {
      "file_path": "./images/kangaroo/20231129153043.jpg",
      "sharpness": 16.10808919203132,
      "transform_matrix": [
        [
          -0.9823357749558931,
          0.055576307338293496,
          0.1786832375318588,
          0.5701895318781401
        ],
        [
          0.11064010198382847,
          -0.597592237261318,
          0.7941298922712771,
          2.566542146389857
        ],
        [
          0.15091452263715352,
          0.7998717347632704,
          0.5808872651859294,
          2.1527839157593176
        ],
        [
          0.0,
          0.0,
          0.0,
          1.0
        ]
      ],
      "w": 2016.0,
      "h": 4480.0,
      "fl_x": 3375.0084339729833,
      "fl_y": 3375.0084339729833,
      "k1": -0.0040292637122255155,
      "k2": 0,
      "k3": 0,
      "k4": 0,
      "p1": 0,
      "p2": 0,
      "cx": 1008.0,
      "cy": 2240.0,
      "is_fisheye": false,
      "camera_angle_x": 0.5804648384169621,
      "camera_angle_y": 1.1718947279878973,
      "fovx": 33.25818539703521,
      "fovy": 67.14462194733815
    },
    {
      "file_path": "./images/kangaroo/202311291530431.jpg",
      "sharpness": 19.208349385281494,
      "transform_matrix": [
        [
          -0.929239376863673,
          -0.030224961018272746,
          0.36823991131853046,
          1.3795237820033635
        ],
        [
          0.36232861475563555,
          -0.2696611856259965,
          0.8921887804141081,
          3.2952366840825524
        ],
        [
          0.07233363997200999,
          0.9624808033225474,
          0.261531160352214,
          0.784179803742083
        ],
        [
          0.0,
          0.0,
          0.0,
          1.0
        ]
      ],
      "w": 2016.0,
      "h": 4480.0,
      "fl_x": 3377.362561824971,
      "fl_y": 3377.362561824971,
      "k1": 0.015605103929889168,
      "k2": 0,
      "k3": 0,
      "k4": 0,
      "p1": 0,
      "p2": 0,
      "cx": 1008.0,
      "cy": 2240.0,
      "is_fisheye": false,
      "camera_angle_x": 0.5800825557132018,
      "camera_angle_y": 1.1712522848534201,
      "fovx": 33.2362822115289,
      "fovy": 67.10781266715546
    },
    {
      "file_path": "./images/kangaroo/20231129153044.jpg",
      "sharpness": 23.316769526462654,
      "transform_matrix": [
        [
          -0.7892943675905002,
          -0.38379965465738847,
          0.47928303375479897,
          2.0471216099216116
        ],
        [
          0.6114623523371278,
          -0.5624115787585334,
          0.5566030971468358,
          2.333581157974047
        ],
        [
          0.05593025122002736,
          0.7323872208164103,
          0.6785873310447753,
          2.47976312503773
        ],
        [
          0.0,
          0.0,
          0.0,
          1.0
        ]
      ],
      "w": 2016.0,
      "h": 4480.0,
      "fl_x": 3360.8837392013897,
      "fl_y": 3360.8837392013897,
      "k1": 0.03381910997425895,
      "k2": 0,
      "k3": 0,
      "k4": 0,
      "p1": 0,
      "p2": 0,
      "cx": 1008.0,
      "cy": 2240.0,
      "is_fisheye": false,
      "camera_angle_x": 0.5827688435421496,
      "camera_angle_y": 1.1757624658019887,
      "fovx": 33.390195166684975,
      "fovy": 67.36622700034874
    },
    {
      "file_path": "./images/kangaroo/202311291530441.jpg",
      "sharpness": 27.77804682490861,
      "transform_matrix": [
        [
          -0.7865308394895264,
          -0.3021140540988095,
          0.5386059198693464,
          2.0582263646073917
        ],
        [
          0.6145027622330271,
          -0.46943146532279184,
          0.6340508296451048,
          2.4173245018622582
        ],
        [
          0.061282899547001335,
          0.8296753568345692,
          0.5548722452562704,
          1.8539868508724953
        ],
        [
          0.0,
          0.0,
          0.0,
          1.0
        ]
      ],
      "w": 2016.0,
      "h": 4480.0,
      "fl_x": 3371.4940414934895,
      "fl_y": 3371.4940414934895,
      "k1": 0.017768789126892046,
      "k2": 0,
      "k3": 0,
      "k4": 0,
      "p1": 0,
      "p2": 0,
      "cx": 1008.0,
      "cy": 2240.0,
      "is_fisheye": false,
      "camera_angle_x": 0.5810364463944226,
      "camera_angle_y": 1.1728549666440207,
      "fovx": 33.29093612167972,
      "fovy": 67.19963956965933
    },
    {
      "file_path": "./images/kangaroo/20231129153045.jpg",
      "sharpness": 32.70856584770406,
      "transform_matrix": [
        [
          -0.019431107865065647,
          -0.5755142772045952,
          0.8175608533015942,
          3.0994630558944096
        ],
        [
          0.9974162406538045,
          0.04540666741129582,
          0.05566935813714364,
          0.32526372220342603
        ],
        [
          -0.06916122416510265,
          0.8165301901085344,
          0.5731449849597368,
          1.9411280884917308
        ],
        [
          0.0,
          0.0,
          0.0,
          1.0
        ]
      ],
      "w": 2016.0,
      "h": 4480.0,
      "fl_x": 3365.254351173691,
      "fl_y": 3365.254351173691,
      "k1": 0.017756348421020585,
      "k2": 0,
      "k3": 0,
      "k4": 0,
      "p1": 0,
      "p2": 0,
      "cx": 1008.0,
      "cy": 2240.0,
      "is_fisheye": false,
      "camera_angle_x": 0.5820540176307828,
      "camera_angle_y": 1.1745632653610398,
      "fovx": 33.34923865887706,
      "fovy": 67.29751787629215
    },
    {
      "file_path": "./images/kangaroo/20231129153046.jpg",
      "sharpness": 17.336412603791356,
      "transform_matrix": [
        [
          -0.40551037585687244,
          -0.7130445991145427,
          0.571951689232947,
          2.501656980918777
        ],
        [
          0.9140848216580787,
          -0.31851418852899027,
          0.25099332764200527,
          1.0991966958745356
        ],
        [
          0.003205291484898563,
          0.6245927564792118,
          0.7809440535220105,
          3.3544845611117946
        ],
        [
          0.0,
          0.0,
          0.0,
          1.0
        ]
      ],
      "w": 2016.0,
      "h": 4480.0,
      "fl_x": 3251.0348722680037,
      "fl_y": 3251.0348722680037,
      "k1": 0.03606631246724073,
      "k2": 0,
      "k3": 0,
      "k4": 0,
      "p1": 0,
      "p2": 0,
      "cx": 1008.0,
      "cy": 2240.0,
      "is_fisheye": false,
      "camera_angle_x": 0.601311909103409,
      "camera_angle_y": 1.2066258247388357,
      "fovx": 34.452634562579526,
      "fovy": 69.13456720902744
    },
    {
      "file_path": "./images/kangaroo/202311291530461.jpg",
      "sharpness": 24.76045552600997,
      "transform_matrix": [
        [
          -0.3780424135806542,
          -0.5571635579800188,
          0.7393596575845762,
          3.2433080790171123
        ],
        [
          0.9255913129839642,
          -0.21099436409621283,
          0.3142643785875607,
          1.3745178127900255
        ],
        [
          -0.019095938529773714,
          0.8031501404147479,
          0.5954705678323904,
          2.218189853871776
        ],
        [
          0.0,
          0.0,
          0.0,
          1.0
        ]
      ],
      "w": 2016.0,
      "h": 4480.0,
      "fl_x": 3334.4926990773756,
      "fl_y": 3334.4926990773756,
      "k1": 0.03452329189102207,
      "k2": 0,
      "k3": 0,
      "k4": 0,
      "p1": 0,
      "p2": 0,
      "cx": 1008.0,
      "cy": 2240.0,
      "is_fisheye": false,
      "camera_angle_x": 0.5871216751534105,
      "camera_angle_y": 1.1830497015924344,
      "fovx": 33.639594046941355,
      "fovy": 67.78375485545796
    },
    {
      "file_path": "./images/kangaroo/20231129153047.jpg",
      "sharpness": 40.4877825607143,
      "transform_matrix": [
        [
          -0.08362215785792655,
          -0.5436042186033887,
          0.8351657250523429,
          3.3642591304617557
        ],
        [
          0.9899022399811035,
          0.0509502712747674,
          0.1322785891147571,
          0.41241835770248564
        ],
        [
          -0.1144591193244909,
          0.8377938430449346,
          0.5338544620312293,
          1.9889286658424683
        ],
        [
          0.0,
          0.0,
          0.0,
          1.0
        ]
      ],
      "w": 2016.0,
      "h": 4480.0,
      "fl_x": 3366.07286311059,
      "fl_y": 3366.07286311059,
      "k1": 0.011120123220165652,
      "k2": 0,
      "k3": 0,
      "k4": 0,
      "p1": 0,
      "p2": 0,
      "cx": 1008.0,
      "cy": 2240.0,
      "is_fisheye": false,
      "camera_angle_x": 0.5819203370760664,
      "camera_angle_y": 1.1743389234766621,
      "fovx": 33.34157932728884,
      "fovy": 67.28466403314928
    }
  ],
  "aabb_scale": 32
}